<?xml version="1.0" encoding="UTF-8"?>
<map version="1.9" tiledversion="1.9.2" orientation="orthogonal" renderorder="right-down" width="32" height="60" tilewidth="16" tileheight="16" infinite="1" nextlayerid="3" nextobjectid="1">
 <tileset firstgid="1" source="Outdoortileset.tsx"/>
 <layer id="1" name="Tile Layer 1" width="32" height="60" locked="1" offsetx="-4.66667" offsety="-44.6667">
  <data encoding="csv">
   <chunk x="0" y="-32" width="16" height="16">
0,0,0,0,0,0,0,0,0,0,0,0,0,0,0,0,
0,0,0,0,0,0,0,0,0,0,0,0,0,0,0,0,
0,0,0,0,0,0,0,0,0,0,0,0,0,0,0,0,
0,0,0,0,0,0,0,0,0,0,0,0,0,0,0,0,
0,0,0,0,0,0,0,0,0,0,0,0,0,0,0,0,
0,0,0,0,0,0,0,0,0,0,0,0,0,0,0,0,
0,0,0,0,0,0,0,0,0,0,0,0,0,0,0,0,
0,0,0,0,0,0,0,0,0,0,0,0,0,0,0,0,
0,0,0,0,0,0,0,0,0,0,0,0,0,0,416,416,
0,0,0,0,0,0,0,0,0,0,0,0,0,0,416,416,
0,0,0,0,0,0,0,0,0,0,0,0,0,0,416,416,
0,0,0,0,0,0,0,0,0,0,0,0,0,0,416,416,
0,0,0,0,0,0,0,353,354,354,354,354,354,354,354,354,
0,0,0,0,0,0,0,382,499,383,499,383,499,383,499,383,
0,0,0,0,0,0,0,382,383,499,383,499,383,499,383,499,
0,0,0,0,0,0,0,382,499,383,499,383,499,383,499,383
</chunk>
   <chunk x="16" y="-32" width="16" height="16">
0,0,0,0,0,0,0,0,0,0,0,0,0,0,0,0,
0,0,0,0,0,0,0,0,0,0,0,0,0,0,0,0,
0,0,0,0,0,0,0,0,0,0,0,0,0,0,0,0,
0,0,0,0,0,0,0,0,0,0,0,0,0,0,0,0,
0,0,0,0,0,0,0,0,0,0,0,0,0,0,0,0,
0,0,0,0,0,0,0,0,0,0,0,0,0,0,0,0,
0,0,0,0,0,0,0,0,0,0,0,0,0,0,0,0,
0,0,0,0,0,0,0,0,0,0,0,0,0,0,0,0,
0,0,0,0,0,0,0,0,0,0,0,0,0,0,0,0,
0,0,0,0,0,0,0,0,0,0,80,0,0,0,0,0,
0,0,0,82,82,84,416,416,416,0,80,0,0,0,0,0,
0,82,82,82,82,84,416,416,416,0,80,0,0,0,0,0,
354,354,354,354,355,84,416,416,416,416,80,0,0,0,0,0,
499,383,499,383,384,84,416,416,416,416,80,0,0,0,0,0,
383,499,383,499,384,84,416,416,416,416,80,0,0,0,0,0,
499,383,499,383,384,84,416,416,416,416,80,0,0,0,0,0
</chunk>
   <chunk x="-16" y="-16" width="16" height="16">
0,0,0,0,0,0,0,0,0,0,0,0,0,0,0,0,
0,0,0,0,0,0,0,0,0,0,0,0,0,0,0,0,
0,0,0,0,0,0,0,0,0,0,0,0,0,0,0,0,
0,0,0,0,0,0,0,0,0,0,0,0,0,0,0,0,
0,0,0,0,0,0,0,0,0,0,0,0,0,0,0,0,
0,0,0,0,0,0,0,0,0,0,0,0,0,0,0,0,
0,0,0,0,0,0,0,0,0,0,0,0,0,0,82,84,
0,0,0,0,0,0,0,0,0,0,0,0,0,0,82,84,
0,0,0,0,0,0,0,0,0,0,0,0,0,0,82,84,
0,0,0,0,0,0,0,0,0,0,0,0,0,0,82,84,
0,0,0,0,0,0,0,0,0,0,0,0,0,0,82,84,
0,0,0,0,0,0,0,0,0,0,0,0,0,0,82,84,
0,0,0,0,0,0,0,0,0,0,0,0,0,0,84,84,
0,0,0,0,0,0,0,0,0,0,0,0,0,0,84,84,
0,0,0,0,0,0,0,0,0,0,0,0,0,0,84,84,
0,0,0,0,0,0,0,0,0,0,0,0,0,0,84,84
</chunk>
   <chunk x="0" y="-16" width="16" height="16">
0,0,0,0,0,0,0,382,383,499,383,499,383,499,383,499,
0,0,0,0,0,0,0,382,499,383,499,383,499,383,499,383,
0,0,0,0,0,0,0,382,383,499,383,499,383,499,383,499,
0,0,0,0,0,0,0,382,499,383,499,383,499,383,499,383,
0,0,0,0,0,0,0,382,383,499,383,499,383,499,383,499,
0,0,0,0,0,0,0,382,499,383,499,383,499,383,499,383,
363,339,332,337,84,84,82,382,383,499,383,499,383,499,383,499,
363,339,332,337,84,84,82,382,499,383,499,383,499,383,499,383,
363,339,332,337,84,84,82,382,383,499,383,499,383,499,383,499,
363,339,332,337,84,84,82,382,499,383,499,383,499,383,499,383,
363,339,332,337,84,84,82,411,412,412,412,412,412,412,412,412,
363,339,332,337,84,84,82,24,24,24,24,24,24,24,24,24,
363,339,332,339,416,416,416,416,416,416,416,416,416,416,416,416,
363,339,332,339,416,416,416,416,416,416,416,416,416,416,416,416,
363,339,332,339,416,416,416,416,416,416,416,416,416,416,416,416,
363,339,332,337,84,84,82,82,82,82,82,82,140,140,140,140
</chunk>
   <chunk x="16" y="-16" width="16" height="16">
383,499,383,499,384,142,416,416,416,416,80,0,0,0,0,0,
499,383,499,383,384,416,416,416,416,416,80,0,0,0,0,0,
383,499,383,499,384,416,416,416,416,416,80,0,0,0,0,0,
499,383,499,383,384,416,416,416,416,416,80,0,0,0,0,0,
383,499,383,499,384,416,416,416,416,416,80,0,0,0,0,0,
499,383,499,383,384,416,416,416,416,416,80,0,0,0,0,0,
383,499,383,499,384,416,416,416,416,416,80,0,0,0,0,0,
499,383,499,383,384,26,416,416,416,416,80,0,0,0,0,0,
383,499,383,499,384,84,416,416,416,416,80,0,0,0,0,0,
499,383,499,383,384,84,416,416,416,416,80,0,0,0,0,0,
412,412,412,412,413,84,416,416,416,416,80,0,0,0,0,0,
24,24,24,24,24,142,416,416,416,416,138,140,140,140,140,140,
416,416,416,416,416,416,416,416,416,416,416,416,416,416,416,416,
416,416,416,416,416,416,416,416,416,416,416,416,416,416,416,416,
416,416,416,416,416,416,416,416,416,416,416,416,416,416,416,416,
416,416,416,416,140,140,416,416,416,416,416,416,416,416,416,416
</chunk>
   <chunk x="32" y="-16" width="16" height="16">
0,0,0,0,0,0,0,0,0,0,0,0,0,0,0,0,
0,0,0,0,0,0,0,0,0,0,0,0,0,0,0,0,
0,0,0,0,0,0,0,0,0,0,0,0,0,0,0,0,
0,0,0,0,0,0,0,0,0,0,0,0,0,0,0,0,
0,0,0,0,0,0,0,0,0,0,0,0,0,0,0,0,
0,0,0,0,0,0,0,0,0,0,0,0,0,0,0,0,
0,0,0,0,0,0,0,0,0,0,0,0,0,0,0,0,
0,0,0,0,0,0,0,0,0,0,0,0,0,0,0,0,
0,0,0,0,0,0,0,0,0,0,0,0,0,0,0,0,
0,0,0,0,0,0,0,0,0,0,0,0,0,0,0,0,
0,0,0,0,0,0,0,0,0,0,0,0,0,0,0,0,
0,0,0,0,0,0,0,0,0,0,0,0,0,0,0,0,
0,0,0,0,0,0,0,0,0,0,0,0,0,0,0,0,
0,0,0,0,0,0,0,0,0,0,0,0,0,0,0,0,
0,0,0,0,0,0,0,0,0,0,0,0,0,0,0,0,
416,0,0,0,0,0,0,0,0,0,0,0,0,0,0,0
</chunk>
   <chunk x="-16" y="0" width="16" height="16">
0,0,0,0,0,0,0,0,0,0,0,0,0,0,84,84,
0,0,0,0,0,0,0,0,0,0,0,0,0,0,82,84,
0,0,0,0,0,0,0,0,0,0,0,0,0,0,82,84,
0,0,0,0,0,0,0,0,0,0,0,0,0,0,82,84,
0,0,0,0,0,0,0,0,0,0,0,0,0,0,82,84,
0,0,0,0,0,0,0,0,0,0,0,0,0,0,82,84,
0,0,0,0,0,0,0,0,0,0,0,0,0,0,82,84,
0,0,0,0,0,0,0,0,0,0,0,0,0,0,84,84,
0,0,0,0,0,0,0,0,0,0,0,0,0,0,84,84,
0,0,0,0,0,0,0,0,0,0,0,0,0,0,84,84,
0,0,0,0,0,0,0,0,0,0,0,0,0,0,84,84,
0,0,0,0,0,0,0,0,0,0,0,0,0,0,84,84,
0,0,0,0,0,0,0,0,0,0,0,0,0,0,84,84,
0,0,0,0,0,0,0,0,0,0,0,0,0,0,84,84,
0,0,0,0,0,0,0,0,0,0,0,0,0,0,84,84,
0,0,0,0,0,0,0,0,0,0,0,0,0,0,84,84
</chunk>
   <chunk x="0" y="0" width="16" height="16">
363,339,332,337,84,84,82,82,82,82,82,82,82,82,82,416,
363,339,332,337,84,84,82,267,267,267,267,267,82,82,82,416,
363,339,332,337,84,84,82,297,297,297,297,267,297,82,82,416,
363,339,332,337,84,84,82,297,297,297,297,267,297,297,82,416,
363,339,332,337,84,84,82,297,297,297,297,297,297,297,82,416,
363,339,332,337,84,84,82,297,297,297,297,297,297,297,82,416,
363,339,332,337,84,84,82,297,297,297,297,297,297,297,82,416,
363,339,332,337,84,84,82,297,297,297,297,297,297,297,82,416,
363,339,332,337,84,84,82,297,297,297,297,297,297,297,82,416,
363,339,332,337,84,84,82,297,297,297,297,297,297,297,82,416,
363,339,332,337,84,84,82,297,297,297,297,297,297,297,82,416,
363,339,332,337,84,84,82,297,297,297,297,297,297,297,82,416,
363,339,332,337,84,84,82,297,297,297,297,297,297,297,82,416,
363,339,332,337,84,84,82,297,297,297,297,297,297,82,82,416,
363,339,332,337,84,84,82,297,297,297,297,297,82,82,416,416,
363,339,332,337,84,84,82,297,297,297,297,82,82,416,416,416
</chunk>
   <chunk x="16" y="0" width="16" height="16">
416,416,416,82,82,0,0,0,0,0,0,0,0,0,0,0,
416,416,82,82,82,0,0,0,0,0,0,0,0,0,0,0,
416,416,82,82,82,0,0,0,0,0,0,0,0,0,0,0,
416,416,82,0,0,0,0,0,0,0,0,0,0,0,0,0,
416,416,82,0,0,0,0,0,0,0,0,0,0,0,0,0,
416,416,82,0,0,0,0,0,0,0,0,0,0,0,0,0,
416,416,82,0,0,0,0,0,0,0,0,0,0,0,0,0,
416,416,82,0,0,0,0,0,0,0,0,0,0,0,0,0,
416,416,82,0,0,0,0,0,0,0,0,0,0,0,0,0,
416,416,82,0,0,0,0,0,0,0,0,0,0,0,0,0,
416,416,82,0,0,0,0,0,0,0,0,0,0,0,0,0,
416,416,82,0,0,0,0,0,0,0,0,0,0,0,0,0,
416,416,82,0,0,0,0,0,0,0,0,0,0,0,0,0,
416,416,82,82,0,0,0,0,0,0,0,0,0,0,0,0,
416,416,82,82,0,0,0,0,0,0,0,0,0,0,0,0,
416,416,82,82,0,0,0,0,0,0,0,0,0,0,0,0
</chunk>
   <chunk x="-16" y="16" width="16" height="16">
0,0,0,0,0,0,0,0,0,0,0,0,0,0,84,84,
0,0,0,0,0,0,0,0,0,0,0,0,0,0,84,84,
0,0,0,0,0,0,0,0,0,0,0,0,0,0,84,84,
0,0,0,0,0,0,0,0,0,0,0,0,0,0,84,84,
0,0,0,0,0,0,0,0,732,732,732,732,732,732,84,84,
0,0,0,0,0,0,0,0,732,732,732,732,732,732,84,84,
0,0,0,0,0,0,0,0,732,732,732,732,732,732,84,84,
0,0,0,0,0,0,0,0,732,732,732,732,732,732,84,84,
0,0,0,0,0,0,0,0,732,732,732,732,732,732,84,84,
0,0,0,0,0,0,0,0,732,732,732,732,732,732,84,84,
0,0,0,0,0,0,0,0,732,732,732,732,732,732,84,84,
0,0,0,0,0,0,0,0,732,732,732,732,732,732,84,84,
0,0,0,0,0,0,0,0,732,732,732,732,732,732,84,84,
0,0,0,0,0,0,0,0,732,732,732,732,732,732,84,84,
0,0,0,0,0,0,0,0,732,732,732,732,732,732,84,84,
0,0,0,0,0,0,0,0,732,732,732,732,732,732,84,84
</chunk>
   <chunk x="0" y="16" width="16" height="16">
363,339,332,337,84,84,82,297,297,297,297,82,82,416,416,416,
363,339,332,337,84,84,84,297,297,297,297,82,82,416,416,416,
363,339,332,337,84,84,84,297,297,297,297,82,82,416,416,416,
363,339,332,337,84,84,84,297,297,297,82,82,82,416,416,416,
363,339,332,337,84,84,84,297,82,82,82,82,416,416,416,416,
363,339,332,337,84,84,82,82,82,82,416,416,416,416,416,416,
363,339,332,337,84,84,82,82,416,416,416,416,416,416,416,416,
363,339,332,337,84,84,82,82,416,416,416,416,416,416,416,82,
363,339,332,337,84,84,82,82,82,82,82,82,82,82,82,82,
363,339,332,337,84,84,82,82,0,0,82,82,82,82,82,82,
363,339,332,337,84,84,82,0,0,0,0,0,0,0,0,0,
363,339,332,337,84,84,82,0,0,0,0,0,0,0,0,0,
334,339,332,337,84,84,84,0,0,0,0,0,0,0,0,0,
363,339,332,337,84,84,82,0,0,0,0,0,0,0,0,0,
363,339,332,337,84,84,82,0,0,0,0,0,0,0,0,0,
363,339,332,337,84,84,82,0,0,0,0,0,0,0,0,0
</chunk>
   <chunk x="16" y="16" width="16" height="16">
416,416,82,82,0,0,0,0,0,0,0,0,0,0,0,0,
416,416,82,82,0,0,0,0,0,0,0,0,0,0,0,0,
416,416,82,82,0,0,0,0,0,0,0,0,0,0,0,0,
416,416,82,82,0,0,0,0,0,0,0,0,0,0,0,0,
416,416,82,82,82,82,82,82,82,0,0,0,0,0,0,0,
416,82,82,82,82,82,82,82,82,82,0,0,0,0,0,0,
416,82,82,82,82,82,82,82,82,0,0,0,0,0,0,0,
82,82,82,82,82,82,82,82,82,0,0,0,0,0,0,0,
82,82,82,82,82,82,82,82,82,0,0,0,0,0,0,0,
82,82,82,82,82,82,82,82,82,0,0,0,0,0,0,0,
0,0,0,0,0,0,0,0,0,0,0,0,0,0,0,0,
0,0,0,0,0,0,0,0,0,0,0,0,0,0,0,0,
0,0,0,0,0,0,0,0,0,0,0,0,0,0,0,0,
0,0,0,0,0,0,0,0,0,0,0,0,0,0,0,0,
0,0,0,0,0,0,0,0,0,0,0,0,0,0,0,0,
0,0,0,0,0,0,0,0,0,0,0,0,0,0,0,0
</chunk>
   <chunk x="-16" y="32" width="16" height="16">
0,0,0,0,0,0,0,0,732,732,732,732,732,732,82,84,
0,0,0,0,0,0,0,0,732,732,732,732,732,732,82,84,
0,0,0,0,0,0,0,0,732,732,732,732,732,732,82,84,
0,0,0,0,0,0,0,0,732,732,732,732,732,732,82,84,
0,0,0,0,0,0,0,0,732,732,732,732,732,732,82,84,
0,0,0,0,0,0,0,0,732,732,732,732,732,732,82,84,
0,0,0,0,0,0,0,0,732,732,732,732,732,732,82,84,
0,0,0,0,0,0,0,0,89,89,89,89,89,89,82,84,
0,0,0,0,0,0,0,0,89,89,89,89,89,89,82,84,
0,0,0,0,0,0,0,0,0,0,0,0,0,0,0,0,
0,0,0,0,0,0,0,0,0,0,0,0,0,0,0,0,
0,0,0,0,0,0,0,0,0,0,0,0,0,0,0,0,
0,0,0,0,0,0,0,0,0,0,0,0,0,0,0,0,
0,0,0,0,0,0,0,0,0,0,0,0,0,0,0,0,
0,0,0,0,0,0,0,0,0,0,0,0,0,0,0,0,
0,0,0,0,0,0,0,0,0,0,0,0,0,0,0,0
</chunk>
   <chunk x="0" y="32" width="16" height="16">
363,339,332,337,82,84,82,0,0,0,0,0,0,0,0,0,
363,339,332,337,82,84,82,0,0,0,0,0,0,0,0,0,
363,339,332,337,82,84,82,0,0,0,0,0,0,0,0,0,
363,339,332,337,82,84,82,0,0,0,0,0,0,0,0,0,
363,339,332,337,82,84,82,0,0,0,0,0,0,0,0,0,
363,339,332,337,82,84,82,0,0,0,0,0,0,0,0,0,
363,339,332,337,82,84,82,0,0,0,0,0,0,0,0,0,
363,339,332,337,82,84,82,0,0,0,0,0,0,0,0,0,
363,339,332,337,82,84,82,0,0,0,0,0,0,0,0,0,
0,0,0,0,0,0,0,0,0,0,0,0,0,0,0,0,
0,0,0,0,0,0,0,0,0,0,0,0,0,0,0,0,
0,0,0,0,0,0,0,0,0,0,0,0,0,0,0,0,
0,0,0,0,0,0,0,0,0,0,0,0,0,0,0,0,
0,0,0,0,0,0,0,0,0,0,0,0,0,0,0,0,
0,0,0,0,0,0,0,0,0,0,0,0,0,0,0,0,
0,0,0,0,0,0,0,0,0,0,0,0,0,0,0,0
</chunk>
  </data>
 </layer>
 <layer id="2" name="Tile Layer 2" width="32" height="60" locked="1" offsetx="-4.66667" offsety="-44.6667">
  <data encoding="csv">
   <chunk x="-16" y="-16" width="16" height="16">
0,0,0,0,0,0,0,0,0,0,0,0,0,0,0,0,
0,0,0,0,0,0,0,0,0,0,0,0,0,0,0,0,
0,0,0,0,0,0,0,0,0,0,0,0,0,0,0,0,
0,0,0,0,0,0,0,0,0,0,0,0,0,0,0,0,
0,0,0,0,0,0,0,0,0,0,0,0,0,0,0,0,
0,0,0,0,0,0,0,0,0,0,0,0,0,0,0,0,
0,0,0,0,0,0,0,0,0,0,0,0,0,0,0,0,
0,0,0,0,0,0,0,0,0,0,0,0,0,0,342,343,
0,0,0,0,0,0,0,0,0,0,0,0,0,0,371,0,
0,0,0,0,0,0,0,0,0,0,0,0,0,0,400,0,
0,0,0,0,0,0,0,0,0,0,0,0,0,0,0,0,
0,0,0,0,0,0,0,0,0,0,0,0,0,0,0,0,
0,0,0,0,0,0,0,0,0,0,0,0,0,0,0,0,
0,0,0,0,0,0,0,0,0,0,0,0,0,0,0,0,
0,0,0,0,0,0,0,0,0,0,0,0,0,0,0,0,
0,0,0,0,0,0,0,0,0,0,0,0,0,0,0,0
</chunk>
   <chunk x="0" y="-16" width="16" height="16">
0,0,0,0,0,0,0,0,0,0,0,0,0,0,0,0,
0,0,0,0,0,0,0,0,0,0,0,0,0,0,0,0,
0,0,0,0,0,0,0,0,0,0,0,0,0,0,0,0,
0,0,0,0,0,0,0,0,0,0,0,0,0,0,0,0,
0,0,0,0,0,0,0,0,0,0,0,0,0,0,0,0,
0,0,0,0,0,0,0,0,0,0,0,0,0,0,0,0,
0,0,0,0,0,0,0,0,0,0,0,0,0,0,0,0,
0,0,0,0,0,340,341,0,0,0,0,0,0,0,0,0,
0,0,0,0,0,0,370,0,0,0,0,0,0,0,0,0,
0,0,0,0,271,0,399,0,0,0,0,0,0,0,0,0,
0,0,0,0,300,0,0,0,0,0,0,0,0,0,0,0,
0,0,0,0,0,0,0,457,0,0,0,0,0,0,0,0,
0,0,0,0,0,0,0,486,0,0,0,0,0,0,0,0,
0,0,0,0,0,0,0,457,0,0,0,0,0,0,0,0,
0,0,0,0,0,0,0,457,0,0,0,0,0,0,0,0,
0,0,0,0,0,0,0,457,271,0,0,271,0,0,0,0
</chunk>
   <chunk x="-16" y="0" width="16" height="16">
0,0,0,0,0,0,0,0,0,0,0,0,0,0,0,0,
0,0,0,0,0,0,0,0,0,0,0,0,0,0,0,0,
0,0,0,0,0,0,0,0,0,0,0,0,0,0,342,343,
0,0,0,0,0,0,0,0,0,0,0,0,0,0,371,0,
0,0,0,0,0,0,0,0,0,0,0,0,0,0,400,0,
0,0,0,0,0,0,0,0,0,0,0,0,0,0,0,0,
0,0,0,0,0,0,0,0,0,0,0,0,0,0,0,0,
0,0,0,0,0,0,0,0,0,0,0,0,0,0,0,0,
0,0,0,0,0,0,0,0,0,0,0,0,0,0,342,343,
0,0,0,0,0,0,0,0,0,0,0,0,0,0,371,0,
0,0,0,0,0,0,0,0,0,0,0,0,0,0,400,0,
0,0,0,0,0,0,0,0,0,0,0,0,0,0,0,0,
0,0,0,0,0,0,0,0,0,0,0,0,0,0,0,0,
0,0,0,0,0,0,0,0,0,0,0,0,0,0,342,343,
0,0,0,0,0,0,0,0,0,0,0,0,0,0,371,0,
0,0,0,0,0,0,0,0,0,0,0,0,0,0,400,0
</chunk>
   <chunk x="0" y="0" width="16" height="16">
0,0,0,0,0,0,0,0,300,0,0,300,0,0,0,0,
0,0,0,0,0,0,0,0,0,0,0,0,0,0,0,0,
0,0,0,0,0,340,341,0,0,0,0,0,0,0,0,0,
0,0,0,0,0,0,370,0,0,0,0,0,0,0,0,0,
0,0,0,0,271,0,399,0,0,0,0,0,0,0,0,0,
0,0,0,0,300,0,0,0,0,0,0,0,0,0,0,0,
0,0,0,0,0,0,0,0,0,0,0,0,0,0,0,0,
0,0,0,0,0,0,0,0,0,0,0,0,0,0,0,0,
0,0,0,0,0,340,341,0,0,0,0,0,0,0,0,0,
0,0,0,0,271,0,370,0,0,0,0,0,0,0,0,0,
0,0,0,0,300,0,399,0,0,0,0,0,0,0,0,0,
0,0,0,0,0,0,0,0,0,0,0,0,0,0,0,0,
0,0,0,0,0,0,0,0,0,0,0,0,0,0,0,0,
0,0,0,0,0,340,341,0,0,0,0,0,0,0,0,0,
0,0,0,0,0,0,370,0,0,0,0,0,0,0,0,0,
0,0,0,0,271,0,399,0,0,0,0,0,0,0,0,0
</chunk>
   <chunk x="-16" y="16" width="16" height="16">
0,0,0,0,0,0,0,0,0,0,0,0,0,0,0,0,
0,0,0,0,0,0,0,0,0,0,0,0,0,0,0,0,
0,0,0,0,0,0,0,0,0,0,0,0,0,0,0,0,
0,0,0,0,0,0,0,0,0,0,0,0,0,0,342,343,
0,0,0,0,0,0,0,0,0,0,0,0,0,0,371,0,
0,0,0,0,0,0,0,0,0,0,0,0,0,0,400,0,
0,0,0,0,0,0,0,0,0,0,0,0,0,0,0,0,
0,0,0,0,0,0,0,0,0,0,0,0,0,0,0,0,
0,0,0,0,0,0,0,0,0,0,0,0,0,0,0,0,
0,0,0,0,0,0,0,0,0,0,0,0,0,0,342,343,
0,0,0,0,0,0,0,0,0,0,0,0,0,0,371,0,
0,0,0,0,0,0,0,0,0,0,0,0,0,0,400,0,
0,0,0,0,0,0,0,0,0,0,0,0,0,0,0,545,
0,0,0,0,0,0,0,0,0,0,0,0,0,0,0,0,
0,0,0,0,0,0,0,0,0,0,0,0,0,0,0,0,
0,0,0,0,0,0,0,0,0,0,0,0,0,0,0,0
</chunk>
   <chunk x="0" y="16" width="16" height="16">
0,0,0,0,300,0,0,0,0,0,0,0,0,0,0,0,
0,0,0,0,0,0,0,0,0,0,0,0,0,0,0,0,
0,0,0,0,0,0,0,0,0,0,0,0,0,0,0,0,
0,0,0,0,0,340,341,0,0,0,0,0,0,0,0,0,
0,0,0,0,271,0,370,0,0,0,0,0,0,0,0,0,
0,0,0,0,300,0,399,486,166,0,0,0,0,0,0,0,
0,0,0,0,0,0,0,457,0,0,0,0,0,0,0,0,
0,0,0,0,0,0,0,457,0,0,0,0,0,0,0,0,
0,0,0,0,0,0,0,457,166,0,0,0,0,0,0,0,
0,0,0,0,0,340,341,486,0,0,0,0,0,0,0,0,
0,0,0,0,0,0,370,0,0,0,0,0,0,0,0,0,
0,0,0,0,0,0,399,0,0,0,0,0,0,0,0,0,
546,546,546,546,546,547,0,0,0,0,0,0,0,0,0,0,
0,0,0,0,0,0,0,0,0,0,0,0,0,0,0,0,
0,0,0,0,0,0,0,0,0,0,0,0,0,0,0,0,
0,0,0,0,0,0,0,0,0,0,0,0,0,0,0,0
</chunk>
   <chunk x="-16" y="32" width="16" height="16">
0,0,0,0,0,0,0,0,0,0,0,0,0,0,342,343,
0,0,0,0,0,0,0,0,0,0,0,0,0,0,371,0,
0,0,0,0,0,0,0,0,0,0,0,0,0,0,400,0,
0,0,0,0,0,0,0,0,0,0,0,0,0,0,0,0,
0,0,0,0,0,0,0,0,0,0,0,0,0,0,0,0,
0,0,0,0,0,0,0,0,0,0,0,0,0,0,0,0,
0,0,0,0,0,0,0,0,0,0,0,0,0,0,342,343,
0,0,0,0,0,0,0,0,0,0,0,0,0,0,371,0,
0,0,0,0,0,0,0,0,0,0,0,0,0,0,400,0,
0,0,0,0,0,0,0,0,0,0,0,0,0,0,0,0,
0,0,0,0,0,0,0,0,0,0,0,0,0,0,0,0,
0,0,0,0,0,0,0,0,0,0,0,0,0,0,0,0,
0,0,0,0,0,0,0,0,0,0,0,0,0,0,0,0,
0,0,0,0,0,0,0,0,0,0,0,0,0,0,0,0,
0,0,0,0,0,0,0,0,0,0,0,0,0,0,0,0,
0,0,0,0,0,0,0,0,0,0,0,0,0,0,0,0
</chunk>
   <chunk x="0" y="32" width="16" height="16">
0,0,0,0,0,340,341,0,0,0,0,0,0,0,0,0,
0,0,0,0,0,0,370,0,0,0,0,0,0,0,0,0,
0,0,0,0,0,0,399,0,0,0,0,0,0,0,0,0,
0,0,0,0,0,0,0,0,0,0,0,0,0,0,0,0,
0,0,0,0,0,0,0,0,0,0,0,0,0,0,0,0,
0,0,0,0,0,0,0,0,0,0,0,0,0,0,0,0,
0,0,0,0,0,340,341,0,0,0,0,0,0,0,0,0,
0,0,0,0,0,0,370,0,0,0,0,0,0,0,0,0,
0,0,0,0,0,0,399,0,0,0,0,0,0,0,0,0,
0,0,0,0,0,0,0,0,0,0,0,0,0,0,0,0,
0,0,0,0,0,0,0,0,0,0,0,0,0,0,0,0,
0,0,0,0,0,0,0,0,0,0,0,0,0,0,0,0,
0,0,0,0,0,0,0,0,0,0,0,0,0,0,0,0,
0,0,0,0,0,0,0,0,0,0,0,0,0,0,0,0,
0,0,0,0,0,0,0,0,0,0,0,0,0,0,0,0,
0,0,0,0,0,0,0,0,0,0,0,0,0,0,0,0
</chunk>
  </data>
 </layer>
</map>
